400 epochs total, we fetch top 200 epochs :
Running time:  1135.9236361980438
Total training process average reward: 1642.8807743237269
Last 20 episode training reward 2380.052521374944
[703.1253428794249, 787.0513610643861, 771.1379570864979, 742.5391264771472, 770.2826869042118, 932.7428836413457, 899.8079839321031, 959.6956871378488, 913.9815232436247, 1256.322341101833, 1431.4707417405589, 1222.556434687497, 1220.8404600180866, 1338.9813101549616, 1261.564895523394, 1374.1656674817766, 1215.7739115773227, 1287.2968215419933, 1255.562162765294, 1391.8802910074805, 1338.676342995677, 1351.041929524419, 1405.0522218672272, 1300.9569513848628, 1470.9110597555973, 1244.520319760308, 1449.6358874386367, 1378.5219937202526, 1352.3044755585847, 1292.4683065249988, 1236.2726056707957, 1285.6264912307627, 1338.6996888919073, 1203.937077547262, 1275.1613050318776, 937.3490368995062, 983.1473575864395, 1005.9718008180411, 1204.524495818537, 1229.0344515821128, 1234.5861439382004, 1565.3391659216009, 1477.7012069495918, 1639.3428566562504, 1372.627010843368, 1385.3918543741263, 1373.2472925265467, 1603.4181515301013, 1519.9343616919145, 1279.8819283181408, 1396.01117329181, 1338.5311781016003, 1358.5716573826965, 1355.4593630353436, 1316.574478448671, 1325.9572013700931, 1050.4260794271227, 1412.6887480034547, 1392.9077470266568, 1593.1677676939967, 1391.4766358513443, 1344.4845141261453, 1300.7375263405997, 1728.3094691086708, 1400.2628731693603, 1606.3075139207094, 1615.8197540263793, 1960.8366058444701, 1668.9577008146907, 1594.668178824493, 1538.4649095645523, 1575.122963048949, 1606.417365782572, 1691.753587569587, 1655.5103947823297, 1681.9872481066277, 1448.1590167216984, 1436.3074398446422, 1797.0323052043125, 1445.517833036169, 1534.471643048864, 1465.0129217968542, 2032.2361530796911, 1732.3107938824799, 1488.280970357659, 2321.175733434468, 2433.048762586324, 2114.747352816837, 2412.039890356249, 2319.1137384509548, 2142.8662375241447, 2297.1647946935723, 2233.219344371186, 2140.6471025122664, 1895.8877618301838, 1838.870708328602, 1583.7149914985007, 1812.5473755372311, 1926.107892192629, 1671.465637570745, 1718.1700319715596, 1857.1087159172275, 1756.5737972603827, 1812.6887655995683, 1669.0459653103326, 1580.6452318522179, 1533.4551504857548, 1405.9456987412505, 1531.5768379733804, 1478.211099360865, 1745.59003629495, 1547.852060008041, 1659.5100154927911, 1714.4380843231916, 1774.5490900830048, 1717.9290227903857, 1785.2288154061423, 1248.245390987066, 1091.915756772054, 1378.7654601150498, 1045.659534660206, 1231.4516097207918, 1209.2974755927746, 1392.6135653069045, 1485.710252743308, 1456.1036951552267, 1537.3303699691737, 1365.2112170434355, 1435.102223269497, 1360.6483333092447, 1173.2950187546003, 1276.0872860054992, 1252.1070495535728, 1292.6824675111532, 1253.793971405271, 1231.0807191651957, 1253.3483613013248, 1250.0687977416671, 1379.1991325342174, 1296.8191902313222, 1214.4338495357006, 1217.9691802594257, 1231.445628329552, 1282.4308215389306, 1230.2627871561442, 1294.1476470076711, 1228.7544773244683, 967.3439587786961, 970.6347921906772, 1374.8651934481538, 2280.986248254774, 2300.2374133079766, 2075.287777908229, 2078.540881687916, 1865.711972395935, 1785.8760361833047, 2169.232919227843, 2031.3793265787665, 2200.0924749720616, 2019.66396194785, 1912.4935475781742, 1948.8596331994777, 1990.297461548691, 2006.5852304889818, 2008.065211964661, 1668.5792596358444, 2286.4058697790933, 1698.858321457173, 2135.9586498988665, 2232.516201179173, 2349.3400727276276, 2663.766336751501, 1594.4661317599089, 2600.532022351886, 2572.0623080298255, 2426.1484142036784, 2625.8679041465657, 2124.9411541483264, 2757.0144968796235, 2472.5711661001087, 2322.3692869281654, 2394.851028118815, 1410.7142210637496, 3136.9304507091265, 1391.5084511361663, 2720.103349017512, 1319.5201004893227, 3218.8862546535556, 2472.778964313928, 2286.1171681938417, 2613.8926752881102, 2365.2048244826638, 2319.307570989906, 2280.0385561559615, 2819.1518426566126, 2970.2515919399757, 2267.0016679812825, 2251.4226855225897, 2401.7151773714027, 2639.284560486197]


400 epochs:
Running time:  1938.4569382667542
Total training process average reward: 2388.069841352764
Last 20 episode training reward 3085.7789392842233
[703.1253428794249, 787.0513610643861, 771.1379570864979, 742.5391264771472, 770.2826869042118, 784.160274462131, 813.9354021930429, 790.6646810631095, 853.0409918283025, 819.7430923998825, 934.2554363971457, 995.5461714278053, 964.6535743779518, 1140.4257471720562, 1028.649468436829, 1180.9818264654284, 1231.7746904803296, 1224.3808484721062, 1230.3378460763047, 1210.4385668262794, 1215.8056222741152, 1202.8186843157807, 1199.7243436784004, 1217.3082800641916, 1230.8923433761563, 1270.5517395644056, 1203.0801975860077, 1310.5464503700107, 1236.6772425681168, 1300.0702443839734, 1280.8507589674882, 1381.92675447064, 1343.8619262921454, 1199.1362243728663, 1542.8091219728765, 1322.5839693092378, 1288.73301887584, 1344.7424460732225, 1561.395303347803, 1094.4658328510407, 1516.3508771735876, 1196.6726249984179, 1179.888132513729, 1292.6597018944733, 1288.0877089981948, 1259.0123015163256, 1290.1954543871836, 1390.5290443241904, 1366.0382047669827, 1316.100668884885, 1390.0873220396816, 1666.6986815969374, 1368.5046546266876, 1389.3579679750867, 1353.3691880040178, 1483.6866490472253, 1232.94581094544, 1365.6929431569024, 1033.2510336219314, 1135.7442396465697, 1807.9714502889365, 1641.3670189563882, 2182.62096333644, 2036.116812048738, 2103.8376141365475, 2066.2296428824884, 2063.40300409678, 2129.309197431592, 2013.243320514988, 1762.4986786430784, 2133.161895453399, 2189.61339058619, 2485.7595397247915, 2281.79481716209, 2198.606960767401, 2117.8617155236666, 2177.244524261901, 2129.44680168339, 1883.1920765726506, 1372.1632156770852, 1794.601457756861, 2138.3150401431562, 2156.72818908263, 2201.4565775597894, 1936.162841050004, 2438.5528045207398, 2084.7945769851344, 2308.565453010303, 1989.3483374459647, 2213.563646527166, 1643.9040545186015, 1737.0642717139963, 1944.5077211198325, 968.2667581584136, 2413.721664115731, 2213.9647115009566, 2190.7104169534723, 2048.999265325867, 2202.7424593742403, 2488.9296692559733, 2581.8101274215383, 2865.0073265362025, 2504.298150768526, 2375.700036764143, 2499.5769875841356, 2419.4093145970323, 2361.4757502838597, 2377.5584039423784, 2353.932769864977, 2315.1375991673826, 2235.318625319404, 2261.3993123608557, 2289.0653214208214, 2046.5723120573452, 2287.469982234431, 2336.5698222355154, 2283.8335510797365, 2675.4624937369294, 2234.0455263932517, 2388.7876158268336, 2305.6054924855594, 2280.261708763527, 2403.00316643707, 2118.5679413022995, 2183.732817978653, 2102.6749060363563, 2259.189238419518, 2086.638176907096, 2471.8083095967554, 2531.4106345693167, 2247.7297378087605, 2051.1869136760383, 2377.7921404491176, 2109.0359615721854, 2347.5604626145205, 2436.380296615601, 2420.2560220054647, 2639.305691895877, 2721.911216970538, 2549.5692237717667, 2536.6770580270468, 2722.430751044348, 2839.587091438185, 2610.0117210213634, 2375.6127202819757, 2619.4869630815956, 2638.942789468528, 1400.8548856684322, 2459.025529906107, 1971.8498198819937, 1437.2422453025831, 2421.4995146204537, 1293.3409532437506, 2781.703025755676, 2700.163819683503, 2668.965612987238, 1504.1619779398454, 2725.9525407622205, 2616.6253179709497, 1337.2990222811025, 2942.8277056861275, 2637.0293379317636, 2593.360644787396, 2691.5824982647273, 1412.2529298531401, 2175.3050332524463, 2251.971755646461, 1264.5435280306879, 1507.3630292079133, 1287.5850068849797, 2696.915388965859, 2309.6084186298954, 2631.6278766999526, 2672.537976610354, 3099.0485540403497, 947.9533592188781, 977.3333853252384, 2608.439614728797, 956.950894576561, 2880.121921071627, 1027.9271077683863, 1036.8583785029489, 1041.17127224531, 1032.0251389849982, 3039.4253099006337, 2698.6639050311123, 2965.097548646599, 3016.3732399690634, 2587.409929920846, 2607.186891555583, 2710.5489611752914, 2728.639808893424, 2782.7257202932788, 1104.8593239985903, 2683.9267225417825, 2920.9404085185824, 2786.826896772014, 2519.15823694091, 2838.711521729142, 2835.9709188167512, 932.6996682607146, 873.8818832580691, 2921.9377199678083, 2693.996070189342, 2817.1129807891066, 2775.15406384282, 2735.313068160006, 2810.5197751323767, 2808.8526662058166, 2808.015292112159, 2844.1237117597266, 2711.797356723712, 2868.215621270844, 2762.260237442412, 2787.0808232843633, 2628.1354961892034, 2832.844827374502, 2850.876521236191, 2684.9627820708015, 2746.469921815505, 2740.896894529862, 2717.7445741775405, 2825.9891365018148, 2961.3616400302603, 2721.7315919366415, 2729.1137947243074, 2821.5657653963117, 2998.4779912724352, 2974.1077223911266, 3029.2151359267996, 2691.8720618475713, 2756.8306609343904, 2656.839571004361, 3057.7295783624795, 2507.2091933348634, 2837.066032196285, 1394.5707578722077, 2604.6920120005525, 2582.749814782493, 2847.038688343774, 3010.8320292898147, 2779.311934776662, 2599.1334977103074, 2640.981695769937, 2720.1255793297414, 2904.2481640864266, 2718.143300001441, 2722.570310966244, 2562.354027673811, 2930.3695439063554, 2770.1725701521664, 2753.8311453662545, 2875.2520975015022, 3111.8245269374197, 2735.5562313369073, 2983.1261329127997, 2982.8242587526033, 2814.813902521709, 2864.9005944507176, 2754.3469559799073, 2810.1641617993064, 2693.3560240902943, 2731.1068109397816, 2734.3095288726863, 2734.420069803363, 2785.9602362355736, 2742.7293294446545, 2476.2324188837047, 2729.6557728884977, 2717.63171497621, 2719.5642469709383, 2821.7769369964512, 2821.9024309102165, 2734.060797227164, 2726.764266541458, 2831.974697870106, 2735.8746167506592, 2774.101822820441, 2826.6640753459797, 2828.1642172531165, 2912.6859059787625, 2839.998091419652, 2554.24280180727, 2879.514767235821, 2900.5270332150762, 3074.671788111953, 2841.1811006267476, 2907.4338299757587, 2936.7477024964455, 3115.586543417996, 3278.476022481197, 3013.4803318918866, 2772.800803710815, 3000.5144297170787, 2892.79959265397, 2897.033072776488, 3286.976184816327, 2793.0882276361353, 2725.7185764117426, 2969.42775700687, 2845.898633556749, 2930.60084936167, 2785.1595110772078, 2938.689042786493, 3053.2321978590658, 2887.366111192306, 3287.4477575075775, 2964.8222625919107, 2715.3996080408233, 3010.3639692356837, 3041.6917936382374, 2794.089514099635, 2833.5649422002048, 2779.080732914706, 3139.3782431082077, 2832.150990800522, 2896.5520058889715, 2758.8858433650507, 2555.8340918381264, 2891.088819038134, 2561.416804282762, 3068.361809832444, 2849.4712966825437, 3047.7133086273966, 2790.6034780161626, 2957.638676573487, 2976.094794560386, 3158.816534297079, 2750.190640415331, 2764.182681691896, 1446.3996247645277, 2792.3400220595886, 2775.9053599047943, 2913.4737578230643, 2884.124018281952, 3290.4396105599044, 2992.325497359505, 3133.4725263359815, 3106.7726679780667, 3063.7686893524456, 3157.8781358283054, 2784.1034372061995, 2727.321379554422, 2976.7281739722976, 2917.804103239113, 2978.684654650402, 2800.041399916883, 2978.061198491914, 3278.786451068346, 3030.8277463192035, 3385.242996177309, 2718.5906654649875, 2670.066160269475, 2908.2648642994577, 2977.6890246029666, 2861.1415708895015, 3321.8841470276075, 2786.552386644451, 2866.359710465505, 3441.627254407716, 2755.790935925552, 2854.9304679359184, 2994.912994817947, 3178.2126846099663, 2643.8627027678667, 2729.1828977095806, 2819.6006354894844, 3133.192785533404, 2937.056879597308, 2906.2754689140625, 2977.523945723496, 3006.9025821043283, 3231.4717936464485, 3237.3319245560215, 3093.971169828962, 3038.118562245717, 2978.394450719295, 3173.384431677035, 3029.02433973016, 3169.0496631619876, 3065.509341220305, 3001.379390205016, 3354.1419839443765, 3187.4318026092433, 3071.867039054467, 2973.7002788642553, 3019.1830803904, 3038.231509827095, 2999.977992227505, 3174.7959120887117, 3162.0900362131647, 3153.3505782097104, 3084.098043283169, 3116.2087268595897, 3129.665228578584, 3009.874483668931, 3004.144693388379, 2936.5321375407616, 3048.6209865194924, 3184.775540991307]
Simulation finished. Congratulations,sir!